

   ------   ----------------- ------ ----------------- ------ ----------------- ------ ----------------- ------ -----------------


   000                  0.00       0             0.00       0          7874.00       9           920.00       1          6954.00-
   001               9174.80       3             0.00       0       4474844.39     148           653.41       3       4465016.18-
   002                  0.00       0             0.00       0         98036.22      35         11000.00       1         87036.22-
   003                  0.00       0             0.00       0        279148.48      56          1233.00       2        277915.48-
   004                  0.00       0             0.00       0         87351.21      12          1300.00       1         86051.21-
   005                  0.00       0             0.00       0          7504.76      11             0.00       0          7504.76-
   006                  0.00       0             0.00       0         48413.54      21             0.00       0         48413.54-
   007            2573600.00      30             0.00       0       1369492.70      64          1430.00       2       1205537.30
   008                635.45       1             0.00       0         12867.40      15          1131.00       1         11100.95-
   009                  0.00       0             0.00       0        137083.23      47             0.00       0        137083.23-
   010                  0.00       0             0.00       0         10672.02       5             0.00       0         10672.02-
   011                  0.00       0             0.00       0        131095.89      21          1162.00       2        129933.89-
   012               2463.10       3             0.00       0        628412.23       7             0.00       0        625949.13-
   013                  0.00       0             0.00       0         21470.46      19             0.00       0         21470.46-
   014                923.00       1             0.00       0        245116.50      50           800.00       1        243393.50-
   015                  0.00       0             0.00       0        484753.64      31         30000.00       1        454753.64-
   016                  0.00       0             0.00       0        162934.27      31          1050.00       1        161884.27-
   017                  0.00       0             0.00       0        255764.26      42          1954.64       1        253809.62-
   018                  0.00       0             0.00       0        312746.44      23          9000.00       1        303746.44-
   019                  0.00       0             0.00       0         62352.61      17             0.00       0         62352.61-
   020                  0.00       0             0.00       0        726934.95      20             0.00       0        726934.95-
   021                  0.00       0             0.00       0          3385.00       3             0.00       0          3385.00-
   022                  0.00       0             0.00       0         21153.79      12             0.00       0         21153.79-
   023                  0.00       0             0.00       0         51098.96      18             0.00       0         51098.96-
   024                  0.00       0             0.00       0           776.00       3             0.00       0           776.00-
   025                  0.00       0             0.00       0         18474.58      15           872.00       2         17602.58-
   026                  0.00       0             0.00       0        158992.68      10             0.00       0        158992.68-
   028                  0.00       0             0.00       0         15259.53      16             0.00       0         15259.53-
   029                  0.00       0             0.00       0          3171.75       6             0.00       0          3171.75-
   030                  0.00       0             0.00       0         13600.00       3             0.00       0         13600.00-
   031                  0.00       0             0.00       0           300.00       1             0.00       0           300.00-
   032                  0.00       0             0.00       0          9500.95       8          6555.00       1          2945.95-
   033                  0.00       0             0.00       0          1920.18       4             0.00       0          1920.18-
   034                  0.00       0             0.00       0         51200.66      26           542.50       1         50658.16-
   036                  0.00       0             0.00       0        185195.49      11             0.00       0        185195.49-
   038                  0.00       0             0.00       0         10663.53      11           260.40       1         10403.13-
   039                  0.00       0             0.00       0        109593.49      22             0.00       0        109593.49-
 
   ------   ----------------- ------ ----------------- ------ ----------------- ------ ----------------- ------ -----------------


   040                689.00       1             0.00       0         54423.43       6             0.00       0         53734.43-
   041                  0.00       0             0.00       0          3632.95       5             0.00       0          3632.95-
   043                  0.00       0             0.00       0         90996.72      10             0.00       0         90996.72-
   044                  0.00       0             0.00       0         15485.02       4             0.00       0         15485.02-
   049               3051.50       1             0.00       0          6507.14       7             0.00       0          3455.64-
   050                  0.00       0             0.00       0           100.00       1             0.00       0           100.00-
   051                  0.00       0             0.00       0         13857.57       7             0.00       0         13857.57-
   052                  0.00       0             0.00       0         35690.41      15             0.00       0         35690.41-
   053                  0.00       0             0.00       0        582963.31       9             0.00       0        582963.31-
   055                  0.00       0             0.00       0          6749.81       4             0.00       0          6749.81-
   056                  0.00       0             0.00       0        233350.00       3            75.00       1        233275.00-
   057                  0.00       0             0.00       0          4069.62       6             0.00       0          4069.62-
   058                  0.00       0             0.00       0         31496.95      14             0.00       0         31496.95-
   060                  0.00       0             0.00       0          1997.71       4             0.00       0          1997.71-
   061               1160.00       1             0.00       0           325.00       1             0.00       0           835.00
   064                  0.00       0             0.00       0         39408.63      14             0.00       0         39408.63-
   066                  0.00       0             0.00       0        991063.69     107             0.00       0        991063.69-
   067                  0.00       0             0.00       0          1385.79      10             0.00       0          1385.79-
   068                  0.00       0             0.00       0         15000.00       1             0.00       0         15000.00-
   069                  0.00       0             0.00       0         87631.59      29             0.00       0         87631.59-
   070               1213.00       1             0.00       0          4239.60       6           400.00       1          2626.60-
   071                  0.00       0             0.00       0           358.66       6             0.00       0           358.66-
   072                  0.00       0         22500.00       1         84246.95      12             0.00       0        106746.95-
   073                  0.00       0             0.00       0         26478.25      10             0.00       0         26478.25-
   074                  0.00       0             0.00       0          5560.04       4             0.00       0          5560.04-
   075                  0.00       0             0.00       0           630.02       3             0.00       0           630.02-
   076                  0.00       0             0.00       0         21866.05      20             0.00       0         21866.05-
   077               3858.00       3             0.00       0         23047.02      19             0.00       0         19189.02-
   078                  0.00       0             0.00       0        121527.53      17             0.00       0        121527.53-
   079                  0.00       0             0.00       0          4130.87       3             0.00       0          4130.87-
   080               1645.00       3             0.00       0           366.00       2          2354.29       1          3633.29
   081               2104.00       2             0.00       0         64199.51      16             0.00       0         62095.51-
   082                  0.00       0             0.00       0        100459.78       4             0.00       0        100459.78-
   083                  0.00       0             0.00       0         16376.35      11             0.00       0         16376.35-
   084                  0.00       0             0.00       0          6331.27       5            65.38       1          6265.89-
   085                  0.00       0             0.00       0             0.00       0        178804.13       2        178804.13
   087                  0.00       0             0.00       0          5930.80       9             0.00       0          5930.80-
 
   ------   ----------------- ------ ----------------- ------ ----------------- ------ ----------------- ------ -----------------


   088                  0.00       0             0.00       0         49075.60      25          2000.00       1         47075.60-
   090                  0.00       0             0.00       0         55879.07       7          1000.00       1         54879.07-
   091               4910.00       3             0.00       0         45841.05      13             0.00       0         40931.05-
   092              68557.59      25             0.00       0         37779.67      14         37558.86       1         68336.78
   093                  0.00       0             0.00       0         42049.83       8          2800.00       1         39249.83-
   096               5802.87       1             0.00       0         13611.06      17             0.00       0          7808.19-
   097                  0.00       0             0.00       0           700.00       2             0.00       0           700.00-
   098                  0.00       0             0.00       0           946.00       3             0.00       0           946.00-
   100                  0.00       0             0.00       0          3492.13       7            81.74       3          3410.39-
   101                  0.00       0             0.00       0          1902.01       2             0.00       0          1902.01-
   102                  0.00       0             0.00       0          2131.13       5             0.00       0          2131.13-
   104                  0.00       0             0.00       0          4220.13       5             0.00       0          4220.13-
   105              17165.70       3             0.00       0         77859.55       8             0.00       0         60693.85-
   107                  0.00       0             0.00       0         17836.00       5             0.00       0         17836.00-
   108                  0.00       0             0.00       0          3272.16       7            95.00       1          3177.16-
   111                  0.00       0             0.00       0          5233.66       4             0.00       0          5233.66-
   112                  0.00       0             0.00       0           335.00       1             0.00       0           335.00-
   113                  0.00       0             0.00       0           455.15       1             0.00       0           455.15-
   114                  0.00       0             0.00       0         73442.25       9             0.00       0         73442.25-
   115               1000.00       1             0.00       0         43892.39       9             0.00       0         42892.39-
   116                  0.00       0             0.00       0          1000.00       1             0.00       0          1000.00-
   117                200.00       1             0.00       0          3050.00       2             0.00       0          2850.00-
   120                  0.00       0             0.00       0         15778.74       6             0.00       0         15778.74-
   121                  0.00       0             0.00       0          2000.00       1             0.00       0          2000.00-
   122                100.00       1             0.00       0          1641.50       2             0.00       0          1541.50-
   123                  0.00       0             0.00       0         62213.74      14             0.00       0         62213.74-
   124                297.50       1             0.00       0         19956.14       3             0.00       0         19658.64-
   125                  0.00       0             0.00       0         29117.12      10             0.00       0         29117.12-
   126                  0.00       0             0.00       0         34180.55       4             0.00       0         34180.55-
   128                  0.00       0             0.00       0          7503.72       4             0.00       0          7503.72-
   129                  0.00       0             0.00       0          4923.56       2          3307.10       1          1616.46-
   130                  0.00       0             0.00       0           140.00       1             0.00       0           140.00-
   131                  0.00       0             0.00       0         31277.81       7             0.00       0         31277.81-
   132                  0.00       0             0.00       0        103103.66       6             0.00       0        103103.66-
   133                  0.00       0             0.00       0        111766.09       5           626.00       2        111140.09-
   134               8586.10       5             0.00       0         15127.56       7           300.00       1          6241.46-
   135                  0.00       0             0.00       0         28887.93      24             0.00       0         28887.93-
 
   ------   ----------------- ------ ----------------- ------ ----------------- ------ ----------------- ------ -----------------


   137                  0.00       0             0.00       0         26756.57      18             0.00       0         26756.57-
   138               1000.00       1             0.00       0          9513.22      11             0.00       0          8513.22-
   139               5921.00       2             0.00       0          5198.15       5             0.00       0           722.85
   140                  0.00       0             0.00       0          6983.82       8             0.00       0          6983.82-
   141                  0.00       0             0.00       0        405867.90       6             0.00       0        405867.90-
   142                100.00       1             0.00       0         46375.36      34             0.00       0         46275.36-
   144                  0.00       0             0.00       0          1750.00       2             0.00       0          1750.00-
   146                  0.00       0             0.00       0          5153.23      11             0.00       0          5153.23-
   147                  0.00       0             0.00       0         33460.44      28             0.00       0         33460.44-
   148                  0.00       0             0.00       0         11469.98      18             0.00       0         11469.98-
   149                  0.00       0             0.00       0         27890.87       7             0.00       0         27890.87-
   150                  0.00       0             0.00       0         15469.56       5             0.00       0         15469.56-
   151                  0.00       0             0.00       0           445.00       2             0.00       0           445.00-
   152                  0.00       0             0.00       0             0.00       0           100.00       1           100.00
   153                  0.00       0             0.00       0           550.50       2             0.00       0           550.50-
   154                  0.00       0             0.00       0         14269.96       8             0.00       0         14269.96-
   155                  0.00       0             0.00       0         25676.93      10             0.00       0         25676.93-
   156                  0.00       0             0.00       0         21066.77       9             0.00       0         21066.77-
   157                  0.00       0             0.00       0          1748.18       3             0.00       0          1748.18-
   158                  0.00       0             0.00       0             0.00       0          1100.00       1          1100.00
   159                  0.00       0             0.00       0          6227.80       4             0.00       0          6227.80-
   160                  0.00       0             0.00       0         16213.62       5             0.00       0         16213.62-
   161                  0.00       0             0.00       0          1062.91       2             0.00       0          1062.91-
   162                  0.00       0             0.00       0         15186.00       1             0.00       0         15186.00-
   163                  0.00       0             0.00       0            32.64       1             0.00       0            32.64-
   164                  0.00       0             0.00       0          4874.00       8           500.00       1          4374.00-
   166                  0.00       0             0.00       0             0.00       0          1570.55       1          1570.55
   167                 70.00       1             0.00       0        317243.94      10             0.00       0        317173.94-
   169                  0.00       0           100.00       1          4158.00       5             0.00       0          4258.00-
   170               1090.00       1             0.00       0          2351.35       4             0.00       0          1261.35-
   172                  0.00       0             0.00       0          5800.00       2            39.76       1          5760.24-
   174                  0.00       0             0.00       0           790.00       1             0.00       0           790.00-
   175                  0.00       0             0.00       0          3700.00       3             0.00       0          3700.00-
   179                  0.00       0             0.00       0         16107.00      13             0.00       0         16107.00-
   180                  0.00       0             0.00       0         61777.90      11             0.00       0         61777.90-
   181                  0.00       0             0.00       0         24811.00       5             0.00       0         24811.00-
   184                  0.00       0             0.00       0           975.00       3             0.00       0           975.00-
 
   ------   ----------------- ------ ----------------- ------ ----------------- ------ ----------------- ------ -----------------


   185                  0.00       0             0.00       0         18950.79      12             0.00       0         18950.79-
   186                  0.00       0             0.00       0         37252.34      29             0.00       0         37252.34-
   190                  0.00       0             0.00       0          2885.50       2             0.00       0          2885.50-
   201                  0.00       0             0.00       0             0.00       0            35.60       2            35.60
   205                  0.00       0             0.00       0          1000.00       1             0.00       0          1000.00-
   206                  0.00       0             0.00       0         19290.15       4             0.00       0         19290.15-
   207                  0.00       0             0.00       0        167593.76      12             0.00       0        167593.76-
   210                  0.00       0             0.00       0          1169.65       4             0.00       0          1169.65-
   211               1078.00       1             0.00       0        163510.70      34             0.00       0        162432.70-
   212                  0.00       0             0.00       0         18021.37       6             0.00       0         18021.37-
   213                  0.00       0             0.00       0         29281.81       2             0.00       0         29281.81-
   215                318.00       1             0.00       0          4953.94       2             0.00       0          4635.94-
   217                550.00       1             0.00       0         96424.88      25         25208.00       2         70666.88-
   218                  0.00       0             0.00       0          9601.58       9             0.00       0          9601.58-
   219                  0.00       0             0.00       0        108351.12      19           306.05       2        108045.07-
   220                  0.00       0             0.00       0          8239.25      10             0.00       0          8239.25-
   222                  0.00       0             0.00       0           350.00       1             0.00       0           350.00-
   224                  0.00       0             0.00       0        867494.56      11             0.00       0        867494.56-
   226                  0.00       0             0.00       0          5001.20       3             0.00       0          5001.20-
   227                  0.00       0             0.00       0          5550.72       4             0.00       0          5550.72-
   228                  0.00       0             0.00       0         26402.07      26           520.00       1         25882.07-
   229                  0.00       0             0.00       0         41492.01     262             0.00       0         41492.01-
   230                  0.00       0             0.00       0         12825.92      13             0.00       0         12825.92-
   231                  0.00       0             0.00       0         13632.36      12             0.00       0         13632.36-
   232                  0.00       0             0.00       0         21678.72       7             0.00       0         21678.72-
   233                  0.00       0             0.00       0          3838.63       9          4360.00       1           521.37
   234                  0.00       0             0.00       0         17251.02       4             0.00       0         17251.02-
   235                  0.00       0             0.00       0        265868.44      18          2340.00       2        263528.44-
   236                  0.00       0             0.00       0          6971.65      12          5070.00       1          1901.65-
   237                  0.00       0             0.00       0         17250.00       3             0.00       0         17250.00-
   238                  0.00       0             0.00       0           800.00       1             0.00       0           800.00-
   239                  0.00       0             0.00       0         16587.88      10          5567.00       3         11020.88-
   240                  0.00       0             0.00       0         79996.65      17             0.00       0         79996.65-
   241                  0.00       0             0.00       0         38347.92       8         16051.67       3         22296.25-
   243                546.65       1             0.00       0        107187.90      14             0.00       0        106641.25-
   244                  0.00       0             0.00       0         34523.09      13             0.00       0         34523.09-
   245                  0.00       0             0.00       0          2093.43       2             0.00       0          2093.43-
 
   ------   ----------------- ------ ----------------- ------ ----------------- ------ ----------------- ------ -----------------


   246                  0.00       0             0.00       0           325.00       1             0.00       0           325.00-
   247                  0.00       0             0.00       0         80520.60       5             0.00       0         80520.60-
   248                  0.00       0             0.00       0        103062.19      10             0.00       0        103062.19-
   249               7335.80       4             0.00       0         21185.36       9             0.00       0         13849.56-
   250                  0.00       0             0.00       0         45019.93      21             0.00       0         45019.93-
   252               2211.48       1             0.00       0         11942.99      10             0.00       0          9731.51-
   253                  0.00       0             0.00       0         66444.40       6             0.00       0         66444.40-
   254                  0.00       0             0.00       0          8872.17       5           330.00       1          8542.17-
   255                  0.00       0             0.00       0          1200.00       1             0.00       0          1200.00-
   256                  0.00       0             0.00       0         45310.80       8             0.00       0         45310.80-
   257                  0.00       0             0.00       0           150.00       1             0.00       0           150.00-
   258                  0.00       0             0.00       0          2525.00       3             0.00       0          2525.00-
   260                  0.00       0             0.00       0          7625.73       9             0.00       0          7625.73-
   261                  0.00       0             0.00       0          6285.00       2             0.00       0          6285.00-
   262                  0.00       0             0.00       0          2021.66       3             0.00       0          2021.66-
   284                  0.00       0             0.00       0          4663.00       3             0.00       0          4663.00-
   300                  0.00       0             0.00       0          3000.00       1             0.00       0          3000.00-
   320                  0.00       0             0.00       0           300.00       1             0.00       0           300.00-
   324                  0.00       0             0.00       0            60.60       2             0.00       0            60.60-
   330                  0.00       0             0.00       0           100.00       1             0.00       0           100.00-
   340                  0.00       0             0.00       0          1036.25       2             0.00       0          1036.25-
   348                  0.00       0             0.00       0             0.00       0         10369.63       1         10369.63
   360                  0.00       0             0.00       0           300.00       1             0.00       0           300.00-
   380                  0.00       0             0.00       0           868.25       1             0.00       0           868.25-
   390                  0.00       0             0.00       0         77531.15       1             0.00       0         77531.15-
   394                  0.00       0             0.00       0           350.00       1             0.00       0           350.00-
   402                  0.00       0             0.00       0         13900.16      20             0.00       0         13900.16-
   403                  0.00       0             0.00       0        174347.58     100             0.00       0        174347.58-
   410                  0.00       0             0.00       0           586.80       1             0.00       0           586.80-
   429                  0.00       0             0.00       0        160571.89     174          5512.12       4        155059.77-
   436                  0.00       0             0.00       0        107551.01      56          2347.00       2        105204.01-
   455                  0.00       0             0.00       0             0.00       0          4170.00       1          4170.00
   458                  0.00       0             0.00       0        123407.20      98           514.96       1        122892.24-
   469                  0.00       0             0.00       0         14309.59       4             0.00       0         14309.59-
   470                  0.00       0             0.00       0         19051.47      43             0.00       0         19051.47-
   473                  0.00       0             0.00       0         62529.49      39          1000.00       1         61529.49-
   478                  0.00       0             0.00       0             0.00       0            10.75       1            10.75
 
   ------   ----------------- ------ ----------------- ------ ----------------- ------ ----------------- ------ -----------------


   490                  0.00       0             0.00       0          2500.00       1             0.00       0          2500.00-
   500                  0.00       0             0.00       0          1079.81       2             0.00       0          1079.81-
   515                  0.00       0             0.00       0          4519.48       4             0.00       0          4519.48-
   519                  0.00       0             0.00       0            56.46       1           190.00       2           133.54
   528                  0.00       0             0.00       0        419695.72     249           150.00       1        419545.72-
   541                  0.00       0             0.00       0        118700.00     103             0.00       0        118700.00-
   544                  0.00       0             0.00       0        109647.84      80             0.00       0        109647.84-
   545                  0.00       0             0.00       0          2221.00       5           300.00       1          1921.00-
   549                  0.00       0             0.00       0        158168.71      48             0.00       0        158168.71-
   562                  0.00       0             0.00       0             0.00       0          2400.00       1          2400.00
   579                  0.00       0             0.00       0           981.09       1             0.00       0           981.09-
   580                  0.00       0             0.00       0          2764.00       2             0.00       0          2764.00-
   582                  0.00       0             0.00       0           200.00       1             0.00       0           200.00-
   620                  0.00       0             0.00       0             0.00       0          1120.00       1          1120.00
   660                  0.00       0             0.00       0            21.48       1             0.00       0            21.48-
   688                  0.00       0             0.00       0             0.00       0          2700.00       1          2700.00
   690                  0.00       0             0.00       0          5000.00       1             0.00       0          5000.00-
   700                  0.00       0             0.00       0          3270.00       2             0.00       0          3270.00-
   706                  0.00       0             0.00       0             0.00       0           100.00       1           100.00
   710                  0.00       0             0.00       0           300.98       2             0.00       0           300.98-
   712                  0.00       0             0.00       0          1600.00       1             0.00       0          1600.00-
   730                  0.00       0             0.00       0          2656.19       2             0.00       0          2656.19-
   740                  0.00       0             0.00       0           610.00       1             0.00       0           610.00-
   748                  0.00       0             0.00       0           830.00       1             0.00       0           830.00-
   760                  0.00       0             0.00       0          1491.60       2             0.00       0          1491.60-
   761                  0.00       0             0.00       0             0.00       0            10.00       1            10.00
   780                  0.00       0             0.00       0           160.00       1             0.00       0           160.00-
   790                  0.00       0             0.00       0           750.00       2             0.00       0           750.00-
   800           11407481.32    2005             0.00       0             0.00       0          1202.87       3      11408684.19
   801                  0.00       0             0.00       0         56053.00      47          3350.00       3         52703.00-
   803                  0.00       0             0.00       0         90537.58      63             0.00       0         90537.58-
   811             110271.11       3             0.00       0             0.00       0             0.00       0        110271.11
   812                  0.00       0             0.00       0          1260.00       2             0.00       0          1260.00-
   830                  0.00       0             0.00       0            50.00       1             0.00       0            50.00-
   848                  0.00       0             0.00       0          1350.00       3             0.00       0          1350.00-
   860                  0.00       0             0.00       0             0.00       0           302.50       1           302.50
   870                  0.00       0             0.00       0           500.00       1             0.00       0           500.00-
 
   ------   ----------------- ------ ----------------- ------ ----------------- ------ ----------------- ------ -----------------


   881                  0.00       0             0.00       0             0.00       0            60.00       1            60.00
   888                  0.00       0             0.00       0       8894471.17    1840        190080.42      39       8704390.75-
   900                  0.00       0             0.00       0           495.25       3             0.00       0           495.25-
   902             181586.15     132          5644.80       4        111283.82       1             0.00       0         64657.53
   903            2030884.35    1443        107648.94      64             0.00       0             0.00       0       1923235.41
   911            4841287.31     168        704241.30      43             0.00       0             0.00       0       4137046.01
   912               8087.10       2          5512.96       1             0.00       0             0.00       0          2574.14
   913                636.00       1            94.00       1             0.00       0             0.00       0           542.00
   914             103174.69       3           645.00       1             0.00       0             0.00       0        102529.69
   920                  0.00       0             0.00       0             3.25       1             0.00       0             3.25-
   940                  0.00       0             0.00       0             0.00       0           830.00       1           830.00
   953                  0.00       0          2293.00       2             0.00       0             0.00       0          2293.00-
   960                  0.00       0             0.00       0           100.00       1             0.00       0           100.00-
   ------   ----------------- ------ ----------------- ------ ----------------- ------ ----------------- ------ -----------------
   TOTAL         21410765.57    3863        848680.00     118      28445574.10    5513        589150.33     132       7294338.20-
   ------   ----------------- ------ ----------------- ------ ----------------- ------ ----------------- ------ -----------------

 
